proj:       1
zone:       13
north:      4928000.000000
south:      4914000.000000
west:       590000.000000
east:       609000.000000
n-s resol:  20.000000
e-w resol:  20.000000
format:     1
compressed: 0
